0.0000000000e+00 1.0083582754e+00 1.3716678477e-02 1.3716678477e-02 2.9642083676e+00
5.0000000000e-02 1.0047919264e+00 1.4766591518e-02 1.4061277389e-02 2.9638290460e+00
1.0000000000e-01 9.9907334211e-01 1.7980347730e-02 1.6453877700e-02 2.9613982999e+00
1.5000000000e-01 9.9124266224e-01 2.3323137734e-02 2.0872603136e-02 2.9569329129e+00
2.0000000000e-01 9.8135679958e-01 3.0743257830e-02 2.7279849107e-02 2.9504654713e+00
2.5000000000e-01 9.6948872407e-01 4.0172784750e-02 3.5622515288e-02 2.9420441706e+00
3.0000000000e-01 9.5572655297e-01 5.1528446570e-02 4.5832404591e-02 2.9317324546e+00
3.5000000000e-01 9.4017246588e-01 6.4712671114e-02 5.7826791697e-02 2.9196084841e+00
4.0000000000e-01 9.2294146724e-01 7.9614789883e-02 7.1509160095e-02 2.9057644350e+00
4.5000000000e-01 9.0416002101e-01 9.6112373036e-02 8.6770102396e-02 2.8903056316e+00
5.0000000000e-01 8.8396458376e-01 1.1407266943e-01 1.0348837506e-01 2.8733495227e+00
5.5000000000e-01 8.6250006297e-01 1.3335412533e-01 1.2153209610e-01 2.8550245119e+00
6.0000000000e-01 8.3991822633e-01 1.5380795592e-01 1.4076007243e-01 2.8354686552e+00
6.5000000000e-01 8.1637608651e-01 1.7527974544e-01 1.6102324268e-01 2.8148282398e+00
7.0000000000e-01 7.9203428330e-01 1.9761105391e-01 1.8216622043e-01 2.7932562586e+00
7.5000000000e-01 7.6705548242e-01 2.2064101134e-01 2.0402892170e-01 2.7709107961e+00
8.0000000000e-01 7.4160280727e-01 2.4420788278e-01 2.2644825956e-01 2.7479533440e+00
8.5000000000e-01 7.1583831762e-01 2.6815059044e-01 2.4925988637e-01 2.7245470640e+00
9.0000000000e-01 6.8992154739e-01 2.9231018040e-01 2.7229996184e-01 2.7008550205e+00
9.5000000000e-01 6.6400811264e-01 3.1653122266e-01 2.9540692247e-01 2.6770384079e+00
1.0000000000e+00 6.3824840085e-01 3.4066313329e-01 3.1842322489e-01 2.6532547995e+00
1.0500000000e+00 6.1278635286e-01 3.6456140713e-01 3.4119703374e-01 2.6296564472e+00
1.1000000000e+00 5.8775834934e-01 3.8808874874e-01 3.6358382257e-01 2.6063886645e+00
1.1500000000e+00 5.6329221405e-01 4.1111608937e-01 3.8544785620e-01 2.5835883238e+00
1.2000000000e+00 5.3950634544e-01 4.3352347782e-01 4.0666352324e-01 2.5613825006e+00
1.2500000000e+00 5.1650898702e-01 4.5520083453e-01 4.2711648994e-01 2.5398872925e+00
1.3000000000e+00 4.9439764412e-01 4.7604856092e-01 4.4670464995e-01 2.5192068403e+00
1.3500000000e+00 4.7325865167e-01 4.9597799905e-01 4.6533884988e-01 2.4994325710e+00
1.4000000000e+00 4.5316689296e-01 5.1491174107e-01 4.8294337663e-01 2.4806426773e+00
1.4500000000e+00 4.3418566571e-01 5.3278379202e-01 4.9945619970e-01 2.4629018413e+00
1.5000000000e+00 4.1636668748e-01 5.4953959331e-01 5.1482896955e-01 2.4462612025e+00
1.5500000000e+00 3.9975022963e-01 5.6513591760e-01 5.2902678052e-01 2.4307585603e+00
1.6000000000e+00 3.8436536730e-01 5.7954064707e-01 5.4202771470e-01 2.4164187973e+00
1.6500000000e+00 3.7023033195e-01 5.9273244847e-01 5.5382218943e-01 2.4032545004e+00
1.7000000000e+00 3.5735295355e-01 6.0470035747e-01 5.6441213735e-01 2.3912667508e+00
1.7500000000e+00 3.4573118050e-01 6.1544328409e-01 5.7381005173e-01 2.3804460508e+00
1.8000000000e+00 3.3535366694e-01 6.2496944936e-01 5.8203793344e-01 2.3707733521e+00
1.8500000000e+00 3.2620041875e-01 6.3329576177e-01 5.8912617695e-01 2.3622211473e+00
1.9000000000e+00 3.1824349120e-01 6.4044714034e-01 5.9511243284e-01 2.3547545879e+00
1.9500000000e+00 3.1144773173e-01 6.4645579078e-01 6.0004048224e-01 2.3483325929e+00
2.0000000000e+00 3.0577156174e-01 6.5136044079e-01 6.0395915488e-01 2.3429089171e+00
2.0500000000e+00 3.0116778968e-01 6.5520554196e-01 6.0692131657e-01 2.3384331519e+00
2.1000000000e+00 2.9758444706e-01 6.5804044679e-01 6.0898294514e-01 2.3348516408e+00
2.1500000000e+00 2.9496563920e-01 6.5991856879e-01 6.1020230677e-01 2.3321082961e+00
2.2000000000e+00 2.9325239737e-01 6.6089653913e-01 6.1063923626e-01 2.3301453137e+00
2.2500000000e+00 2.9238349907e-01 6.6103339295e-01 6.1035451112e-01 2.3289037963e+00
2.3000000000e+00 2.9229624204e-01 6.6038980009e-01 6.0940930698e-01 2.3283242958e+00
2.3500000000e+00 2.9292711359e-01 6.5902739857e-01 6.0786471947e-01 2.3283472914e+00
2.4000000000e+00 2.9421241883e-01 6.5700816762e-01 6.0578135234e-01 2.3289136020e+00
2.4500000000e+00 2.9608889162e-01 6.5439381643e-01 6.0321896780e-01 2.3299647375e+00
2.5000000000e+00 2.9849425747e-01 6.5124521949e-01 6.0023622017e-01 2.3314431679e+00
2.5500000000e+00 3.0136768650e-01 6.4762196049e-01 5.9689044532e-01 2.3332925365e+00
2.6000000000e+00 3.0465005649e-01 6.4358206546e-01 5.9323745110e-01 2.3354578731e+00
2.6500000000e+00 3.0828419677e-01 6.3918175422e-01 5.8933133844e-01 2.3378857772e+00
2.7000000000e+00 3.1221503545e-01 6.3447528813e-01 5.8522439424e-01 2.3405245294e+00
2.7500000000e+00 3.1638962145e-01 6.2951494274e-01 5.8096705883e-01 2.3433241282e+00
2.8000000000e+00 3.2075708485e-01 6.2435104223e-01 5.7660784699e-01 2.3462363743e+00
2.8500000000e+00 3.2526855041e-01 6.1903204078e-01 5.7219315668e-01 2.3492150662e+00
2.9000000000e+00 3.2987718160e-01 6.1360447352e-01 5.6776701870e-01 2.3522162569e+00
2.9500000000e+00 3.3453823933e-01 6.0811289254e-01 5.6337088251e-01 2.3551984736e+00
3.0000000000e+00 3.3920915008e-01 6.0259979358e-01 5.5904350219e-01 2.3581228388e+00
3.0500000000e+00 3.4384968367e-01 5.9710543249e-01 5.5482086500e-01 2.3609531483e+00
3.1000000000e+00 3.4842221551e-01 5.9166755686e-01 5.5073609371e-01 2.3636559760e+00
3.1500000000e+00 3.5289196967e-01 5.8632115613e-01 5.4681926516e-01 2.3662008629e+00
3.2000000000e+00 3.5722719541e-01 5.8109827771e-01 5.4309721721e-01 2.3685605176e+00
3.2500000000e+00 3.6139930805e-01 5.7602787832e-01 5.3959341125e-01 2.3707109625e+00
3.3000000000e+00 3.6538300028e-01 5.7113570474e-01 5.3632781264e-01 2.3726316616e+00
3.3500000000e+00 3.6915631425e-01 5.6644421332e-01 5.3331681301e-01 2.3743056073e+00
3.4000000000e+00 3.7270068045e-01 5.6197252274e-01 5.3057328553e-01 2.3757192737e+00
3.4500000000e+00 3.7600091595e-01 5.5773640730e-01 5.2810657939e-01 2.3768626315e+00
3.5000000000e+00 3.7904523376e-01 5.5374827906e-01 5.2592253222e-01 2.3777291434e+00
3.5500000000e+00 3.8182525385e-01 5.5001716832e-01 5.2402364898e-01 2.3783155949e+00
3.6000000000e+00 3.8433593448e-01 5.4654878387e-01 5.2240923065e-01 2.3786219729e+00
3.6500000000e+00 3.8657548797e-01 5.4334558897e-01 5.2107544374e-01 2.3786514045e+00
3.7000000000e+00 3.8854537708e-01 5.4040679686e-01 5.2001539694e-01 2.3784100881e+00
3.7500000000e+00 3.9025035245e-01 5.3772832512e-01 5.1921924145e-01 2.3779072004e+00
3.8000000000e+00 3.9169814108e-01 5.3530309936e-01 5.1867423700e-01 2.3771548379e+00
3.8500000000e+00 3.9289890312e-01 5.3312158970e-01 5.1836488881e-01 2.3761678869e+00
3.9000000000e+00 3.9386478649e-01 5.3117225058e-01 5.1827326011e-01 2.3749637175e+00
3.9500000000e+00 3.9460950066e-01 5.2944194258e-01 5.1837923583e-01 2.3735619256e+00
4.0000000000e+00 3.9514794514e-01 5.2791630048e-01 5.1866080335e-01 2.3719840573e+00
4.0500000000e+00 3.9549582574e-01 5.2658011451e-01 5.1909446513e-01 2.3702532006e+00
4.1000000000e+00 3.9566926440e-01 5.2541771897e-01 5.1965566290e-01 2.3683935642e+00
4.1500000000e+00 3.9568444962e-01 5.2441334121e-01 5.2031919030e-01 2.3664300672e+00
4.2000000000e+00 3.9555733114e-01 5.2355140717e-01 5.2105959365e-01 2.3643879393e+00
4.2500000000e+00 3.9530338856e-01 5.2281677367e-01 5.2185153487e-01 2.3622923580e+00
4.3000000000e+00 3.9493749212e-01 5.2219486891e-01 5.2267008969e-01 2.3601681500e+00
4.3500000000e+00 3.9447384755e-01 5.2167174928e-01 5.2349097706e-01 2.3580395602e+00
4.4000000000e+00 3.9392599532e-01 5.2123410175e-01 5.2429074080e-01 2.3559300681e+00
4.4500000000e+00 3.9330684284e-01 5.2086921328e-01 5.2504694096e-01 2.3538621948e+00
4.5000000000e+00 3.9262870155e-01 5.2056493529e-01 5.2573839782e-01 2.3518572552e+00
4.5500000000e+00 3.9190336330e-01 5.2030960864e-01 5.2634553981e-01 2.3499350073e+00
4.6000000000e+00 3.9114224264e-01 5.2009192250e-01 5.2685083693e-01 2.3481132138e+00
4.6500000000e+00 3.9035626255e-01 5.1990102969e-01 5.2723901228e-01 2.3464074253e+00
4.7000000000e+00 3.8955573677e-01 5.1972666572e-01 5.2749704586e-01 2.3448309709e+00
4.7500000000e+00 3.8875042901e-01 5.1955909102e-01 5.2761420357e-01 2.3433949236e+00
4.8000000000e+00 3.8794961755e-01 5.1938902767e-01 5.2758219882e-01 2.3421079323e+00
4.8500000000e+00 3.8716218666e-01 5.1920756904e-01 5.2739549997e-01 2.3409759087e+00
4.9000000000e+00 3.8639663328e-01 5.1900617412e-01 5.2705138320e-01 2.3400019666e+00
4.9500000000e+00 3.8566100509e-01 5.1877673046e-01 5.2654958660e-01 2.3391867619e+00
5.0000000000e+00 3.8496286366e-01 5.1851159222e-01 5.2589196110e-01 2.3385288354e+00
5.0500000000e+00 3.8430925450e-01 5.1820361137e-01 5.2508226259e-01 2.3380248163e+00
5.1000000000e+00 3.8370667816e-01 5.1784616789e-01 5.2412597345e-01 2.3376695953e+00
5.1500000000e+00 3.8316106842e-01 5.1743319299e-01 5.2303008926e-01 2.3374565348e+00
5.2000000000e+00 3.8267775204e-01 5.1695921085e-01 5.2180292964e-01 2.3373776536e+00
5.2500000000e+00 3.8226133841e-01 5.1641945057e-01 5.2045419957e-01 2.3374235628e+00
5.3000000000e+00 3.8191572514e-01 5.1580984241e-01 5.1899486955e-01 2.3375835821e+00
5.3500000000e+00 3.8164420796e-01 5.1512690951e-01 5.1743686706e-01 2.3378460456e+00
5.4000000000e+00 3.8144942506e-01 5.1436782516e-01 5.1579297751e-01 2.3381983987e+00
5.4500000000e+00 3.8133322198e-01 5.1353054964e-01 5.1407662485e-01 2.3386274152e+00
5.5000000000e+00 3.8129664743e-01 5.1261383651e-01 5.1230169328e-01 2.3391193747e+00
5.5500000000e+00 3.8133999297e-01 5.1161719476e-01 5.1048250501e-01 2.3396600837e+00
5.6000000000e+00 3.8146280040e-01 5.1054088338e-01 5.0863372899e-01 2.3402349653e+00
5.6500000000e+00 3.8166389707e-01 5.0938587780e-01 5.0677018195e-01 2.3408292585e+00
5.7000000000e+00 3.8194143942e-01 5.0815382819e-01 5.0490655193e-01 2.3414282935e+00
5.7500000000e+00 3.8229295233e-01 5.0684702164e-01 5.0305699976e-01 2.3420178922e+00
5.8000000000e+00 3.8271534472e-01 5.0546836818e-01 5.0123472266e-01 2.3425848056e+00
5.8500000000e+00 3.8320502279e-01 5.0402128889e-01 4.9945168099e-01 2.3431169902e+00
5.9000000000e+00 3.8375797259e-01 5.0250963454e-01 4.9771846967e-01 2.3436037397e+00
5.9500000000e+00 3.8436962988e-01 5.0093781690e-01 4.9604416592e-01 2.3440358409e+00
6.0000000000e+00 3.8503475677e-01 4.9931093362e-01 4.9443611330e-01 2.3444057940e+00
6.0500000000e+00 3.8574740540e-01 4.9763480636e-01 4.9289968314e-01 2.3447080551e+00
6.1000000000e+00 3.8650092068e-01 4.9591597971e-01 4.9143809450e-01 2.3449392222e+00
6.1500000000e+00 3.8728798424e-01 4.9416167902e-01 4.9005234447e-01 2.3450981098e+00
6.2000000000e+00 3.8810068549e-01 4.9237974092e-01 4.8874123658e-01 2.3451857262e+00
6.2500000000e+00 3.8893059906e-01 4.9057853722e-01 4.8750150162e-01 2.3452051583e+00
6.3000000000e+00 3.8976885316e-01 4.8876690777e-01 4.8632801240e-01 2.3451613610e+00
6.3500000000e+00 3.9060618059e-01 4.8695411052e-01 4.8521407528e-01 2.3450608709e+00
6.4000000000e+00 3.9143295788e-01 4.8514978328e-01 4.8415177594e-01 2.3449114633e+00
6.4500000000e+00 3.9223926179e-01 4.8336388807e-01 4.8313236979e-01 2.3447217646e+00
6.5000000000e+00 3.9301496629e-01 4.8160661480e-01 4.8214670060e-01 2.3445008353e+00
6.5500000000e+00 3.9374988081e-01 4.7988824326e-01 4.8118562635e-01 2.3442577444e+00
6.6000000000e+00 3.9443390573e-01 4.7821898769e-01 4.8024047198e-01 2.3440011164e+00
6.6500000000e+00 3.9505716764e-01 4.7660886107e-01 4.7930347208e-01 2.3437386866e+00
6.7000000000e+00 3.9561015705e-01 4.7506753668e-01 4.7836805845e-01 2.3434770111e+00
6.7500000000e+00 3.9608390530e-01 4.7360417010e-01 4.7742904327e-01 2.3432212802e+00
6.8000000000e+00 3.9647017528e-01 4.7222720682e-01 4.7648281221e-01 2.3429751217e+00
6.8500000000e+00 3.9676163170e-01 4.7094421003e-01 4.7552749075e-01 2.3427404306e+00
6.9000000000e+00 3.9695198608e-01 4.6976171310e-01 4.7456306137e-01 2.3425172470e+00
6.9500000000e+00 3.9703612579e-01 4.6868508779e-01 4.7359141213e-01 2.3423037035e+00
7.0000000000e+00 3.9701022674e-01 4.6771842854e-01 4.7261628484e-01 2.3420960715e+00
7.0500000000e+00 3.9687183748e-01 4.6686446494e-01 4.7164311120e-01 2.3418889211e+00
7.1000000000e+00 3.9661993236e-01 4.6612450515e-01 4.7067876260e-01 2.3416753677e+00
7.1500000000e+00 3.9625491712e-01 4.6549842673e-01 4.6973129242e-01 2.3414473256e+00
7.2000000000e+00 3.9577866491e-01 4.6498463695e-01 4.6880964106e-01 2.3411958010e+00
7.2500000000e+00 3.9519432843e-01 4.6458025726e-01 4.6792315609e-01 2.3409113703e+00
7.3000000000e+00 3.9450604712e-01 4.6428141325e-01 4.6708111560e-01 2.3405846556e+00
7.3500000000e+00 3.9371876873e-01 4.6408341085e-01 4.6629237347e-01 2.3402066810e+00
7.4000000000e+00 3.9283808334e-01 4.6398090048e-01 4.6556506337e-01 2.3397691695e+00
7.4500000000e+00 3.9187005824e-01 4.6396804078e-01 4.6490640587e-01 2.3392647377e+00
7.5000000000e+00 3.9082103340e-01 4.6403870218e-01 4.6432263106e-01 2.3386869762e+00
7.5500000000e+00 3.8969739415e-01 4.6418669390e-01 4.6381895051e-01 2.3380304797e+00
7.6000000000e+00 3.8850536090e-01 4.6440597426e-01 4.6339952850e-01 2.3372908785e+00
7.6500000000e+00 3.8725078109e-01 4.6469085949e-01 4.6306760528e-01 2.3364647176e+00
7.7000000000e+00 3.8593902659e-01 4.6503612738e-01 4.6282588602e-01 2.3355490697e+00
7.7500000000e+00 3.8457496698e-01 4.6543704518e-01 4.6267675471e-01 2.3345413224e+00
7.8000000000e+00 3.8316288178e-01 4.6588945880e-01 4.6262213674e-01 2.3334393164e+00
7.8500000000e+00 3.8170636715e-01 4.6638988764e-01 4.6266334095e-01 2.3322415048e+00
7.9000000000e+00 3.8020829043e-01 4.6693557183e-01 4.6280099216e-01 2.3309470226e+00
7.9500000000e+00 3.7867076400e-01 4.6752450027e-01 4.6303501841e-01 2.3295557007e+00
8.0000000000e+00 3.7709516098e-01 4.6815539675e-01 4.6336473172e-01 2.3280679870e+00
8.0500000000e+00 3.7548225522e-01 4.6882758164e-01 4.6378913219e-01 2.3264846434e+00
8.1000000000e+00 3.7383230520e-01 4.6954088937e-01 4.6430675260e-01 2.3248069023e+00
8.1500000000e+00 3.7214507907e-01 4.7029564472e-01 4.6491516186e-01 2.3230369647e+00
8.2000000000e+00 3.7041998786e-01 4.7109253059e-01 4.6561082713e-01 2.3211781410e+00
8.2500000000e+00 3.6865622564e-01 4.7193244856e-01 4.6638907623e-01 2.3192348909e+00
8.3000000000e+00 3.6685290168e-01 4.7281638716e-01 4.6724410434e-01 2.3172128202e+00
8.3500000000e+00 3.6500915475e-01 4.7374530760e-01 4.6816905730e-01 2.3151185996e+00
8.4000000000e+00 3.6312421830e-01 4.7472007845e-01 4.6915613714e-01 2.3129598621e+00
8.4500000000e+00 3.6119760215e-01 4.7574129348e-01 4.7019667380e-01 2.3107451331e+00
8.5000000000e+00 3.5922938230e-01 4.7680898079e-01 4.7128125406e-01 2.3084837041e+00
8.5500000000e+00 3.5722031455e-01 4.7792248763e-01 4.7239988017e-01 2.3061854753e+00
8.6000000000e+00 3.5517184378e-01 4.7908046946e-01 4.7354211710e-01 2.3038608095e+00
8.6500000000e+00 3.5308620467e-01 4.8028078730e-01 4.7469729818e-01 2.3015203278e+00
8.7000000000e+00 3.5096659133e-01 4.8152033595e-01 4.7585475613e-01 2.2991746784e+00
8.7500000000e+00 3.4881731910e-01 4.8279487963e-01 4.7700399296e-01 2.2968343668e+00
8.8000000000e+00 3.4664394104e-01 4.8409893248e-01 4.7813476725e-01 2.2945096677e+00
8.8500000000e+00 3.4445326082e-01 4.8542574256e-01 4.7923728969e-01 2.2922104288e+00
8.9000000000e+00 3.4225322140e-01 4.8676740026e-01 4.8030270136e-01 2.2899455909e+00
8.9500000000e+00 3.4005280868e-01 4.8811493183e-01 4.8132311960e-01 2.2877231391e+00
9.0000000000e+00 3.3786196145e-01 4.8945838698e-01 4.8229138303e-01 2.2855503563e+00
9.0500000000e+00 3.3569139893e-01 4.9078700917e-01 4.8320108611e-01 2.2834337865e+00
9.1000000000e+00 3.3355240324e-01 4.9208945144e-01 4.8404664195e-01 2.2813791698e+00
9.1500000000e+00 3.3145655521e-01 4.9335403960e-01 4.8482332661e-01 2.2793913966e+00
9.2000000000e+00 3.2941542371e-01 4.9456908239e-01 4.8552728648e-01 2.2774744975e+00
9.2500000000e+00 3.2744024600e-01 4.9572319174e-01 4.8615550306e-01 2.2756316764e+00
9.3000000000e+00 3.2554161316e-01 4.9680559842e-01 4.8670579188e-01 2.2738653101e+00
9.3500000000e+00 3.2372922143e-01 4.9780640270e-01 4.8717686038e-01 2.2721768874e+00
9.4000000000e+00 3.2201175172e-01 4.9871669723e-01 4.8756837035e-01 2.2705669451e+00
9.4500000000e+00 3.2039673255e-01 4.9952870674e-01 4.8788091681e-01 2.2690350864e+00
9.5000000000e+00 3.1889032403e-01 5.0023600730e-01 4.8811588089e-01 2.2675801256e+00
9.5500000000e+00 3.1749712152e-01 5.0083372628e-01 4.8827521895e-01 2.2662002981e+00
9.6000000000e+00 3.1622009996e-01 5.0131860200e-01 4.8836144023e-01 2.2648932804e+00
9.6500000000e+00 3.1506058514e-01 5.0168901656e-01 4.8837755843e-01 2.2636562380e+00
9.7000000000e+00 3.1401825231e-01 5.0194500135e-01 4.8832695357e-01 2.2624859618e+00
9.7500000000e+00 3.1309125423e-01 5.0208811297e-01 4.8821334465e-01 2.2613788949e+00
9.8000000000e+00 3.1227633828e-01 5.0212131976e-01 4.8804067554e-01 2.2603312462e+00
9.8500000000e+00 3.1156893669e-01 5.0204891501e-01 4.8781297379e-01 2.2593391306e+00
9.9000000000e+00 3.1096326013e-01 5.0187642648e-01 4.8753424150e-01 2.2583986786e+00
9.9500000000e+00 3.1045241047e-01 5.0161050665e-01 4.8720838510e-01 2.2575061065e+00
1.0000000000e+01 3.1002852945e-01 5.0125878652e-01 4.8683916574e-01 2.2566577662e+00
1.0050000000e+01 3.0968299797e-01 5.0082967857e-01 4.8643005671e-01 2.2558502886e+00
1.0100000000e+01 3.0940665507e-01 5.0033215931e-01 4.8598400280e-01 2.2550808248e+00
1.0150000000e+01 3.0918999805e-01 4.9977557039e-01 4.8550332893e-01 2.2543471394e+00
1.0200000000e+01 3.0902336015e-01 4.9916944141e-01 4.8498974726e-01 2.2536476046e+00
1.0250000000e+01 3.0889706571e-01 4.9852333511e-01 4.8444443774e-01 2.2529811214e+00
1.0300000000e+01 3.0880164958e-01 4.9784662762e-01 4.8386799865e-01 2.2523471699e+00
1.0350000000e+01 3.0872806494e-01 4.9714829988e-01 4.8326050600e-01 2.2517457519e+00
1.0400000000e+01 3.0866779848e-01 4.9643682126e-01 4.8262193068e-01 2.2511769742e+00
1.0450000000e+01 3.0861303260e-01 4.9571998584e-01 4.8195230992e-01 2.2506408772e+00
1.0500000000e+01 3.0855685307e-01 4.9500470275e-01 4.8125176742e-01 2.2501374147e+00
1.0550000000e+01 3.0849336986e-01 4.9429687294e-01 4.8052066711e-01 2.2496662996e+00
1.0600000000e+01 3.0841774859e-01 4.9360135506e-01 4.7975984977e-01 2.2492267664e+00
1.0650000000e+01 3.0832623112e-01 4.9292194233e-01 4.7897085420e-01 2.2488173487e+00
1.0700000000e+01 3.0821611869e-01 4.9226137660e-01 4.7815603140e-01 2.2484357631e+00
1.0750000000e+01 3.0808574492e-01 4.9162137285e-01 4.7731868213e-01 2.2480787692e+00
1.0800000000e+01 3.0793443670e-01 4.9100265566e-01 4.7646310086e-01 2.2477421234e+00
1.0850000000e+01 3.0776245288e-01 4.9040501821e-01 4.7559445405e-01 2.2474206985e+00
1.0900000000e+01 3.0757092516e-01 4.8982737905e-01 4.7471875496e-01 2.2471085063e+00
1.0950000000e+01 3.0736170962e-01 4.8926792866e-01 4.7384274686e-01 2.2467988127e+00
1.1000000000e+01 3.0713723199e-01 4.8872428249e-01 4.7297358250e-01 2.2464844569e+00
1.1050000000e+01 3.0690038613e-01 4.8819358121e-01 4.7211841236e-01 2.2461582623e+00
1.1100000000e+01 3.0665440936e-01 4.8767261437e-01 4.7128395827e-01 2.2458134636e+00
1.1150000000e+01 3.0640285726e-01 4.8715784479e-01 4.7047613428e-01 2.2454440876e+00
1.1200000000e+01 3.0614958035e-01 4.8664543105e-01 4.6969983742e-01 2.2450451647e+00
1.1250000000e+01 3.0589857778e-01 4.8613137332e-01 4.6895880472e-01 2.2446128742e+00
1.1300000000e+01 3.0565384145e-01 4.8561166902e-01 4.6825545271e-01 2.2441447085e+00
1.1350000000e+01 3.0541920423e-01 4.8508246482e-01 4.6759072392e-01 2.2436396296e+00
1.1400000000e+01 3.0519825208e-01 4.8454014502e-01 4.6696404273e-01 2.2430981174e+00
1.1450000000e+01 3.0499431793e-01 4.8398133833e-01 4.6637339663e-01 2.2425220917e+00
1.1500000000e+01 3.0481050007e-01 4.8340290000e-01 4.6581548525e-01 2.2419147669e+00
1.1550000000e+01 3.0464961710e-01 4.8280195765e-01 4.6528592520e-01 2.2412804502e+00
1.1600000000e+01 3.0451412202e-01 4.8217599787e-01 4.6477958460e-01 2.2406242088e+00
1.1650000000e+01 3.0440594980e-01 4.8152301979e-01 4.6429086820e-01 2.2399515871e+00
1.1700000000e+01 3.0432640349e-01 4.8084165042e-01 4.6381386699e-01 2.2392684573e+00
1.1750000000e+01 3.0427614287e-01 4.8013115760e-01 4.6334254104e-01 2.2385808376e+00
1.1800000000e+01 3.0425517670e-01 4.7939145934e-01 4.6287099891e-01 2.2378946128e+00
1.1850000000e+01 3.0426285657e-01 4.7862313163e-01 4.6239375632e-01 2.2372152743e+00
1.1900000000e+01 3.0429783833e-01 4.7782744867e-01 4.6190594458e-01 2.2365477114e+00
1.1950000000e+01 3.0435804845e-01 4.7700641835e-01 4.6140351935e-01 2.2358959997e+00
1.2000000000e+01 3.0444071412e-01 4.7616275386e-01 4.6088348863e-01 2.2352631716e+00
1.2050000000e+01 3.0454237513e-01 4.7529986362e-01 4.6034404682e-01 2.2346510790e+00
1.2100000000e+01 3.0465889571e-01 4.7442184106e-01 4.5978451015e-01 2.2340604550e+00
1.2150000000e+01 3.0478557753e-01 4.7353335326e-01 4.5920514711e-01 2.2334910809e+00
1.2200000000e+01 3.0491730228e-01 4.7263949950e-01 4.5860702352e-01 2.2329419393e+00
1.2250000000e+01 3.0504861528e-01 4.7174572870e-01 4.5799179229e-01 2.2324114221e+00
1.2300000000e+01 3.0517380345e-01 4.7085776211e-01 4.5736140924e-01 2.2318976137e+00
1.2350000000e+01 3.0528702039e-01 4.6998146876e-01 4.5671787629e-01 2.2313985476e+00
1.2400000000e+01 3.0538244755e-01 4.6912270439e-01 4.5606309135e-01 2.2309123564e+00
1.2450000000e+01 3.0545451115e-01 4.6828709424e-01 4.5539835216e-01 2.2304377688e+00
1.2500000000e+01 3.0549795036e-01 4.6747996412e-01 4.5472415491e-01 2.2299743130e+00
1.2550000000e+01 3.0550789855e-01 4.6670625831e-01 4.5404033075e-01 2.2295221817e+00
1.2600000000e+01 3.0548006364e-01 4.6597035799e-01 4.5334587712e-01 2.2290824026e+00
1.2650000000e+01 3.0541080169e-01 4.6527600612e-01 4.5263889159e-01 2.2286569073e+00
1.2700000000e+01 3.0529718419e-01 4.6462623842e-01 4.5191660490e-01 2.2282484998e+00
1.2750000000e+01 3.0513705265e-01 4.6402332700e-01 4.5117548307e-01 2.2278607566e+00
1.2800000000e+01 3.0492904760e-01 4.6346874929e-01 4.5041147896e-01 2.2274977772e+00
1.2850000000e+01 3.0467254583e-01 4.6296324897e-01 4.4962039242e-01 2.2271638240e+00
1.2900000000e+01 3.0436755803e-01 4.6250693658e-01 4.4879805779e-01 2.2268631358e+00
1.2950000000e+01 3.0401474933e-01 4.6209926737e-01 4.4794046125e-01 2.2265998095e+00
1.3000000000e+01 3.0361545540e-01 4.6173902356e-01 4.4704398634e-01 2.2263775541e+00
1.3050000000e+01 3.0317159723e-01 4.6142439796e-01 4.4610559482e-01 2.2261995089e+00
1.3100000000e+01 3.0268553554e-01 4.6115313832e-01 4.4512292991e-01 2.2260681385e+00
1.3150000000e+01 3.0215989533e-01 4.6092272186e-01 4.4409449415e-01 2.2259850528e+00
1.3200000000e+01 3.0159744019e-01 4.6073048047e-01 4.4301987783e-01 2.2259507766e+00
1.3250000000e+01 3.0100096096e-01 4.6057371188e-01 4.4189988501e-01 2.2259646202e+00
1.3300000000e+01 3.0037315784e-01 4.6044979755e-01 4.4073649990e-01 2.2260247103e+00
1.3350000000e+01 2.9971658599e-01 4.6035625743e-01 4.3953279651e-01 2.2261280775e+00
1.3400000000e+01 2.9903368818e-01 4.6029071765e-01 4.3829299854e-01 2.2262705938e+00
1.3450000000e+01 2.9832684237e-01 4.6025086305e-01 4.3702249436e-01 2.2264469542e+00
1.3500000000e+01 2.9759837347e-01 4.6023442571e-01 4.3572754414e-01 2.2266509675e+00
1.3550000000e+01 2.9685059537e-01 4.6023914289e-01 4.3441498355e-01 2.2268758505e+00
1.3600000000e+01 2.9608593601e-01 4.6026263189e-01 4.3309206962e-01 2.2271143812e+00
1.3650000000e+01 2.9530714720e-01 4.6030217967e-01 4.3176641695e-01 2.2273589614e+00
1.3700000000e+01 2.9451749979e-01 4.6035454660e-01 4.3044600019e-01 2.2276016132e+00
1.3750000000e+01 2.9372081844e-01 4.6041593039e-01 4.2913906496e-01 2.2278340677e+00
1.3800000000e+01 2.9292139040e-01 4.6048205600e-01 4.2785388920e-01 2.2280480029e+00
1.3850000000e+01 2.9212386368e-01 4.6054827649e-01 4.2659853263e-01 2.2282352945e+00
1.3900000000e+01 2.9133315441e-01 4.6060966483e-01 4.2538065775e-01 2.2283881959e+00
1.3950000000e+01 2.9055432395e-01 4.6066113626e-01 4.2420741947e-01 2.2284994496e+00
1.4000000000e+01 2.8979240712e-01 4.6069761999e-01 4.2308545876e-01 2.2285622947e+00
1.4050000000e+01 2.8905225142e-01 4.6071422016e-01 4.2202098678e-01 2.2285703840e+00
1.4100000000e+01 2.8833837521e-01 4.6070635837e-01 4.2101978780e-01 2.2285177824e+00
1.4150000000e+01 2.8765482403e-01 4.6066991830e-01 4.2008710148e-01 2.2283990854e+00
1.4200000000e+01 2.8700507193e-01 4.6060134575e-01 4.1922752080e-01 2.2282095231e+00
1.4250000000e+01 2.8639195620e-01 4.6049771540e-01 4.1844491972e-01 2.2279450338e+00
1.4300000000e+01 2.8581752188e-01 4.6035688804e-01 4.1774228776e-01 2.2276024319e+00
1.4350000000e+01 2.8528287176e-01 4.6017766280e-01 4.1712152308e-01 2.2271796169e+00
1.4400000000e+01 2.8478809481e-01 4.5995985115e-01 4.1658366119e-01 2.2266753473e+00
1.4450000000e+01 2.8433233139e-01 4.5970421412e-01 4.1612888754e-01 2.2260892302e+00
1.4500000000e+01 2.8391399824e-01 4.5941223941e-01 4.1575605594e-01 2.2254222055e+00
1.4550000000e+01 2.8353095286e-01 4.5908597862e-01 4.1546253219e-01 2.2246767059e+00
1.4600000000e+01 2.8318061170e-01 4.5872793032e-01 4.1524424403e-01 2.2238566103e+00
1.4650000000e+01 2.8286008471e-01 4.5834090642e-01 4.1509580027e-01 2.2229671288e+00
1.4700000000e+01 2.8256631214e-01 4.5792789595e-01 4.1501070382e-01 2.2220145917e+00
1.4750000000e+01 2.8229616083e-01 4.5749196909e-01 4.1498154207e-01 2.2210062628e+00
1.4800000000e+01 2.8204646569e-01 4.5703623588e-01 4.1500017032e-01 2.2199501570e+00
1.4850000000e+01 2.8181404386e-01 4.5656383197e-01 4.1505798165e-01 2.2188547725e+00
1.4900000000e+01 2.8159569826e-01 4.5607791529e-01 4.1514626648e-01 2.2177287319e+00
1.4950000000e+01 2.8138819075e-01 4.5558169283e-01 4.1525660038e-01 2.2165803939e+00
1.5000000000e+01 2.8118810968e-01 4.5507855341e-01 4.1538115355e-01 2.2154175431e+00
1.5050000000e+01 2.8099180641e-01 4.5457213166e-01 4.1551293221e-01 2.2142471463e+00
1.5100000000e+01 2.8079560203e-01 4.5406610165e-01 4.1564601246e-01 2.2130751168e+00
1.5150000000e+01 2.8059593440e-01 4.5356402975e-01 4.1577572538e-01 2.2119061262e+00
1.5200000000e+01 2.8038928487e-01 4.5306944764e-01 4.1589883559e-01 2.2107434223e+00
1.5250000000e+01 2.8017212064e-01 4.5258591001e-01 4.1601370198e-01 2.2095886648e+00
1.5300000000e+01 2.7994090419e-01 4.5211698509e-01 4.1612027984e-01 2.2084419189e+00
1.5350000000e+01 2.7969215101e-01 4.5166619687e-01 4.1622000235e-01 2.2073017706e+00
1.5400000000e+01 2.7942251921e-01 4.5123693527e-01 4.1631560350e-01 2.2061654995e+00
1.5450000000e+01 2.7912888415e-01 4.5083238103e-01 4.1641088312e-01 2.2050293112e+00
1.5500000000e+01 2.7880837035e-01 4.5045547325e-01 4.1651035852e-01 2.2038886838e+00
1.5550000000e+01 2.7845842066e-01 4.5010883944e-01 4.1661901206e-01 2.2027386181e+00
1.5600000000e+01 2.7807676800e-01 4.4979482315e-01 4.1674262505e-01 2.2015733025e+00
1.5650000000e+01 2.7766153744e-01 4.4951538088e-01 4.1688728132e-01 2.2003866084e+00
1.5700000000e+01 2.7721157881e-01 4.4927174819e-01 4.1705844256e-01 2.1991730144e+00
1.5750000000e+01 2.7672657624e-01 4.4906432818e-01 4.1726072968e-01 2.1979278278e+00
1.5800000000e+01 2.7620700380e-01 4.4889273378e-01 4.1749767167e-01 2.1966474372e+00
1.5850000000e+01 2.7565415201e-01 4.4875575928e-01 4.1777145228e-01 2.1953295695e+00
1.5900000000e+01 2.7507013975e-01 4.4865136637e-01 4.1808268711e-01 2.1939735164e+00
1.5950000000e+01 2.7445785038e-01 4.4857674596e-01 4.1843057989e-01 2.1925799814e+00
1.6000000000e+01 2.7382077298e-01 4.4852847531e-01 4.1881286830e-01 2.1911511379e+00
1.6050000000e+01 2.7316282976e-01 4.4850268927e-01 4.1922558091e-01 2.1896908765e+00
1.6100000000e+01 2.7248809163e-01 4.4849536401e-01 4.1966321584e-01 2.1882046298e+00
1.6150000000e+01 2.7180047770e-01 4.4850261750e-01 4.2011900715e-01 2.1866991100e+00
1.6200000000e+01 2.7110387739e-01 4.4852058765e-01 4.2058511160e-01 2.1851821246e+00
1.6250000000e+01 2.7040219860e-01 4.4854538412e-01 4.2105319268e-01 2.1836619949e+00
1.6300000000e+01 2.6969923984e-01 4.4857321637e-01 4.2151466223e-01 2.1821473147e+00
1.6350000000e+01 2.6899865201e-01 4.4860043212e-01 4.2196052837e-01 2.1806471038e+00
1.6400000000e+01 2.6830385087e-01 4.4862360542e-01 4.2238162616e-01 2.1791705776e+00
1.6450000000e+01 2.6761798052e-01 4.4863957375e-01 4.2276890092e-01 2.1777268640e+00
1.6500000000e+01 2.6694392749e-01 4.4864542466e-01 4.2311369642e-01 2.1763247146e+00
1.6550000000e+01 2.6628439421e-01 4.4863842279e-01 4.2340783296e-01 2.1749724255e+00
1.6600000000e+01 2.6564196713e-01 4.4861594217e-01 4.2364376038e-01 2.1736776830e+00
1.6650000000e+01 2.6501912940e-01 4.4857545375e-01 4.2381487931e-01 2.1724472402e+00
1.6700000000e+01 2.6441826437e-01 4.4851452225e-01 4.2391574117e-01 2.1712867146e+00
1.6750000000e+01 2.6384167317e-01 4.4843078872e-01 4.2394217205e-01 2.1702004608e+00
1.6800000000e+01 2.6329159526e-01 4.4832195022e-01 4.2389139646e-01 2.1691914441e+00
1.6850000000e+01 2.6277022461e-01 4.4818574374e-01 4.2376214608e-01 2.1682611272e+00
1.6900000000e+01 2.6227971786e-01 4.4801993819e-01 4.2355468055e-01 2.1674094465e+00
1.6950000000e+01 2.6182220103e-01 4.4782232772e-01 4.2327066329e-01 2.1666349319e+00
1.7000000000e+01 2.6139974080e-01 4.4759076060e-01 4.2291297632e-01 2.1659348892e+00
1.7050000000e+01 2.6101423837e-01 4.4732324560e-01 4.2248560223e-01 2.1653055149e+00
1.7100000000e+01 2.6066730853e-01 4.4701807353e-01 4.2199354293e-01 2.1647419753e+00
1.7150000000e+01 2.6036022115e-01 4.4667387647e-01 4.2144267419e-01 2.1642385488e+00
1.7200000000e+01 2.6009386862e-01 4.4628966135e-01 4.2083961378e-01 2.1637887564e+00
1.7250000000e+01 2.5986878261e-01 4.4586479397e-01 4.2019164382e-01 2.1633854374e+00
1.7300000000e+01 2.5968516317e-01 4.4539897087e-01 4.1950651537e-01 2.1630209432e+00
1.7350000000e+01 2.5954276487e-01 4.4489233411e-01 4.1879215618e-01 2.1626874292e+00
1.7400000000e+01 2.5944073358e-01 4.4434563586e-01 4.1805652832e-01 2.1623769964e+00
1.7450000000e+01 2.5937750364e-01 4.4376034279e-01 4.1730771702e-01 2.1620816026e+00
1.7500000000e+01 2.5935077870e-01 4.4313865716e-01 4.1655383120e-01 2.1617931616e+00
1.7550000000e+01 2.5935755324e-01 4.4248349694e-01 4.1580268411e-01 2.1615038633e+00
1.7600000000e+01 2.5939410828e-01 4.4179850204e-01 4.1506164069e-01 2.1612063265e+00
1.7650000000e+01 2.5945600925e-01 4.4108803812e-01 4.1433755841e-01 2.1608936599e+00
1.7700000000e+01 2.5953811688e-01 4.4035718752e-01 4.1363670741e-01 2.1605595432e+00
1.7750000000e+01 2.5963462013e-01 4.3961171802e-01 4.1296469785e-01 2.1601983011e+00
1.7800000000e+01 2.5973909662e-01 4.3885802405e-01 4.1232642535e-01 2.1598049598e+00
1.7850000000e+01 2.5984463233e-01 4.3810300833e-01 4.1172594725e-01 2.1593753725e+00
1.7900000000e+01 2.5994398666e-01 4.3735391790e-01 4.1116651828e-01 2.1589061860e+00
1.7950000000e+01 2.6002976918e-01 4.3661816786e-01 4.1065089393e-01 2.1583945385e+00
1.8000000000e+01 2.6009460031e-01 4.3590318097e-01 4.1018134697e-01 2.1578380452e+00
1.8050000000e+01 2.6013128750e-01 4.3521621114e-01 4.0975957210e-01 2.1572348938e+00
1.8100000000e+01 2.6013308856e-01 4.3456407935e-01 4.0938675070e-01 2.1565837822e+00
1.8150000000e+01 2.6009397128e-01 4.3395291258e-01 4.0906363298e-01 2.1558838368e+00
1.8200000000e+01 2.6000882420e-01 4.3338793098e-01 4.0879054850e-01 2.1551346034e+00
1.8250000000e+01 2.5987357249e-01 4.3287332955e-01 4.0856730593e-01 2.1543361484e+00
1.8300000000e+01 2.5968534859e-01 4.3241210469e-01 4.0839303033e-01 2.1534892233e+00
1.8350000000e+01 2.5944262188e-01 4.3200592138e-01 4.0826601487e-01 2.1525954147e+00
1.8400000000e+01 2.5914512369e-01 4.3165518486e-01 4.0818361349e-01 2.1516572537e+00
1.8450000000e+01 2.5879375926e-01 4.3135912570e-01 4.0814219094e-01 2.1506782686e+00
1.8500000000e+01 2.5839060908e-01 4.3111579549e-01 4.0813709354e-01 2.1496630165e+00
1.8550000000e+01 2.5793888512e-01 4.3092210768e-01 4.0816260467e-01 2.1486171303e+00
1.8600000000e+01 2.5744277432e-01 4.3077399155e-01 4.0821192053e-01 2.1475473459e+00
1.8650000000e+01 2.5690720508e-01 4.3066662348e-01 4.0827711505e-01 2.1464615396e+00
1.8700000000e+01 2.5633761616e-01 4.3059465657e-01 4.0834923220e-01 2.1453686391e+00
1.8750000000e+01 2.5573974224e-01 4.3055243400e-01 4.0841858241e-01 2.1442783286e+00
1.8800000000e+01 2.5511938269e-01 4.3053421988e-01 4.0847509476e-01 2.1432006988e+00
1.8850000000e+01 2.5448216493e-01 4.3053443596e-01 4.0850860749e-01 2.1421459560e+00
1.8900000000e+01 2.5383329820e-01 4.3054790861e-01 4.0850901197e-01 2.1411242791e+00
1.8950000000e+01 2.5317729932e-01 4.3057014451e-01 4.0846628984e-01 2.1401457817e+00
1.9000000000e+01 2.5251777297e-01 4.3059755229e-01 4.0837073106e-01 2.1392202939e+00
1.9050000000e+01 2.5185740284e-01 4.3062745372e-01 4.0821341725e-01 2.1383568772e+00
1.9100000000e+01 2.5119810654e-01 4.3065793090e-01 4.0798665874e-01 2.1375633854e+00
1.9150000000e+01 2.5054108818e-01 4.3068777554e-01 4.0768421746e-01 2.1368462380e+00
1.9200000000e+01 2.4988682319e-01 4.3071650590e-01 4.0730135903e-01 2.1362103643e+00
1.9250000000e+01 2.4923513712e-01 4.3074428979e-01 4.0683494839e-01 2.1356591045e+00
1.9300000000e+01 2.4858537667e-01 4.3077177486e-01 4.0628361053e-01 2.1351940442e+00
1.9350000000e+01 2.4793661636e-01 4.3079988295e-01 4.0564779311e-01 2.1348149475e+00
1.9400000000e+01 2.4728785953e-01 4.3082960944e-01 4.0492975008e-01 2.1345197688e+00
1.9450000000e+01 2.4663824749e-01 4.3086181412e-01 4.0413348299e-01 2.1343047070e+00
1.9500000000e+01 2.4598712817e-01 4.3089715199e-01 4.0326461736e-01 2.1341643253e+00
1.9550000000e+01 2.4533405083e-01 4.3093607813e-01 4.0233015047e-01 2.1340917991e+00
1.9600000000e+01 2.4467884462e-01 4.3097876849e-01 4.0133811839e-01 2.1340792462e+00
1.9650000000e+01 2.4402176858e-01 4.3102496904e-01 4.0029736401e-01 2.1341179567e+00
1.9700000000e+01 2.4336362042e-01 4.3107388574e-01 3.9921733044e-01 2.1341985973e+00
1.9750000000e+01 2.4270561558e-01 4.3112430431e-01 3.9810768920e-01 2.1343115828e+00
1.9800000000e+01 2.4204921349e-01 4.3117476314e-01 3.9697792528e-01 2.1344474902e+00
1.9850000000e+01 2.4139603334e-01 4.3122363700e-01 3.9583699076e-01 2.1345974065e+00
1.9900000000e+01 2.4074778364e-01 4.3126920720e-01 3.9469303257e-01 2.1347532027e+00
1.9950000000e+01 2.4010619164e-01 4.3130973201e-01 3.9355321233e-01 2.1349077156e+00
2.0000000000e+01 2.3947294695e-01 4.3134350303e-01 3.9242359474e-01 2.1350548627e+00
2.0050000000e+01 2.3884965581e-01 4.3136889117e-01 3.9130907538e-01 2.1351897167e+00
2.0100000000e+01 2.3823779075e-01 4.3138439717e-01 3.9021334263e-01 2.1353085469e+00
2.0150000000e+01 2.3763862983e-01 4.3138871279e-01 3.8913888866e-01 2.1354088111e+00
2.0200000000e+01 2.3705319019e-01 4.3138078789e-01 3.8808709901e-01 2.1354890687e+00
2.0250000000e+01 2.3648216565e-01 4.3135989345e-01 3.8705850408e-01 2.1355487320e+00
2.0300000000e+01 2.3592589707e-01 4.3132565216e-01 3.8605330047e-01 2.1355875463e+00
2.0350000000e+01 2.3538435724e-01 4.3127805435e-01 3.8507175645e-01 2.1356051844e+00
2.0400000000e+01 2.3485713072e-01 4.3121747920e-01 3.8411437801e-01 2.1356010805e+00
2.0450000000e+01 2.3434335736e-01 4.3114475212e-01 3.8318212595e-01 2.1355742123e+00
2.0500000000e+01 2.3384175886e-01 4.3106111939e-01 3.8227667222e-01 2.1355228429e+00
2.0550000000e+01 2.3335078009e-01 4.3096810765e-01 3.8140058407e-01 2.1354443348e+00
2.0600000000e+01 2.3286871069e-01 4.3086740283e-01 3.8055730667e-01 2.1353351651e+00
2.0650000000e+01 2.3239383043e-01 4.3076070505e-01 3.7975102435e-01 2.1351910623e+00
2.0700000000e+01 2.3192461452e-01 4.3064952305e-01 3.7898648940e-01 2.1350071755e+00
2.0750000000e+01 2.3145995992e-01 4.3053494706e-01 3.7826885826e-01 2.1347782377e+00
2.0800000000e+01 2.3099933280e-01 4.3041750021e-01 3.7760348272e-01 2.1344987730e+00
2.0850000000e+01 2.3054277421e-01 4.3029713130e-01 3.7699561307e-01 2.1341633938e+00
2.0900000000e+01 2.3009083207e-01 4.3017328155e-01 3.7645009682e-01 2.1337671030e+00
2.0950000000e+01 2.2964450447e-01 4.3004494010e-01 3.7597115241e-01 2.1333055209e+00
2.1000000000e+01 2.2920519009e-01 4.2991069249e-01 3.7556220171e-01 2.1327750548e+00
2.1050000000e+01 2.2877463168e-01 4.2976877624e-01 3.7522572368e-01 2.1321730478e+00
2.1100000000e+01 2.2835482283e-01 4.2961717337e-01 3.7496316850e-01 2.1314978668e+00
2.1150000000e+01 2.2794775729e-01 4.2945386078e-01 3.7477498075e-01 2.1307488816e+00
2.1200000000e+01 2.2755516727e-01 4.2927707223e-01 3.7466066618e-01 2.1299264013e+00
2.1250000000e+01 2.2717854787e-01 4.2908527456e-01 3.7461884565e-01 2.1290316221e+00
2.1300000000e+01 2.2681923180e-01 4.2887709346e-01 3.7464729064e-01 2.1280665941e+00
2.1350000000e+01 2.2647829997e-01 4.2865140343e-01 3.7474294836e-01 2.1270341981e+00
2.1400000000e+01 2.2615643930e-01 4.2840747070e-01 3.7490197155e-01 2.1259381183e+00
2.1450000000e+01 2.2585382272e-01 4.2814507446e-01 3.7511975526e-01 2.1247828069e+00
2.1500000000e+01 2.2557010468e-01 4.2786451260e-01 3.7539101996e-01 2.1235734031e+00
2.1550000000e+01 2.2530452616e-01 4.2756649782e-01 3.7570995417e-01 2.1223155921e+00
2.1600000000e+01 2.2505603147e-01 4.2725204178e-01 3.7607050473e-01 2.1210153153e+00
2.1650000000e+01 2.2482338870e-01 4.2692233524e-01 3.7646653995e-01 2.1196786081e+00
2.1700000000e+01 2.2460531955e-01 4.2657861846e-01 3.7689173735e-01 2.1183117122e+00
2.1750000000e+01 2.2440061087e-01 4.2622206966e-01 3.7733953995e-01 2.1169211198e+00
2.1800000000e+01 2.2420821563e-01 4.2585370381e-01 3.7780326901e-01 2.1155134615e+00
2.1850000000e+01 2.2402733601e-01 4.2547428891e-01 3.7827627583e-01 2.1140953545e+00
2.1900000000e+01 2.2385747726e-01 4.2508429155e-01 3.7875209545e-01 2.1126732486e+00
2.1950000000e+01 2.2369847418e-01 4.2468384960e-01 3.7922461045e-01 2.1112532620e+00
2.2000000000e+01 2.2355047186e-01 4.2427279063e-01 3.7968821952e-01 2.1098410112e+00
2.2050000000e+01 2.2341385369e-01 4.2385070328e-01 3.8013795162e-01 2.1084414956e+00
2.2100000000e+01 2.2328915006e-01 4.2341702804e-01 3.8056949337e-01 2.1070590689e+00
2.2150000000e+01 2.2317695714e-01 4.2297113820e-01 3.8097918423e-01 2.1056974415e+00
2.2200000000e+01 2.2307785312e-01 4.2251242357e-01 3.8136401658e-01 2.1043596795e+00
2.2250000000e+01 2.2299230893e-01 4.2204037990e-01 3.8172155466e-01 2.1030482838e+00
2.2300000000e+01 2.2292064711e-01 4.2155465036e-01 3.8204967560e-01 2.1017654482e+00
2.2350000000e+01 2.2286302994e-01 4.2105503776e-01 3.8234626595e-01 2.1005133623e+00
2.2400000000e+01 2.2281941555e-01 4.2054154891e-01 3.8260899545e-01 2.0992944381e+00
2.2450000000e+01 2.2278948224e-01 4.2001447091e-01 3.8283526136e-01 2.0981113663e+00
2.2500000000e+01 2.2277245564e-01 4.1947454488e-01 3.8302219832e-01 2.0969671070e+00
2.2550000000e+01 2.2276710583e-01 4.1892297003e-01 3.8316658844e-01 2.0958649804e+00
2.2600000000e+01 2.2277189437e-01 4.1836125751e-01 3.8326480957e-01 2.0948087196e+00
2.2650000000e+01 2.2278503153e-01 4.1779117397e-01 3.8331286260e-01 2.0938024441e+00
2.2700000000e+01 2.2280452311e-01 4.1721469521e-01 3.8330640006e-01 2.0928506322e+00
2.2750000000e+01 2.2282822857e-01 4.1663394857e-01 3.8324076140e-01 2.0919580866e+00
2.2800000000e+01 2.2285393891e-01 4.1605113529e-01 3.8311106557e-01 2.0911298423e+00
2.2850000000e+01 2.2287948015e-01 4.1546842704e-01 3.8291239245e-01 2.0903709859e+00
2.2900000000e+01 2.2290280097e-01 4.1488787813e-01 3.8264000042e-01 2.0896864373e+00
2.2950000000e+01 2.2292201284e-01 4.1431138501e-01 3.8228955002e-01 2.0890807256e+00
2.3000000000e+01 2.2293543710e-01 4.1374063871e-01 3.8185725203e-01 2.0885578401e+00
2.3050000000e+01 2.2294170515e-01 4.1317702401e-01 3.8133993924e-01 2.0881211564e+00
2.3100000000e+01 2.2293984038e-01 4.1262153663e-01 3.8073518405e-01 2.0877733178e+00
2.3150000000e+01 2.2292923031e-01 4.1207481016e-01 3.8004143538e-01 2.0875160959e+00
2.3200000000e+01 2.2290951204e-01 4.1153722979e-01 3.7925813298e-01 2.0873502741e+00
2.3250000000e+01 2.2288046122e-01 4.1100904295e-01 3.7838584330e-01 2.0872755091e+00
2.3300000000e+01 2.2284188646e-01 4.1049046459e-01 3.7742638096e-01 2.0872902065e+00
2.3350000000e+01 2.2279341585e-01 4.0998189090e-01 3.7638288500e-01 2.0873914414e+00
2.3400000000e+01 2.2273426185e-01 4.0948413513e-01 3.7525983460e-01 2.0875749389e+00
2.3450000000e+01 2.2266324003e-01 4.0899840991e-01 3.7406305201e-01 2.0878350684e+00
2.3500000000e+01 2.2257895141e-01 4.0852614563e-01 3.7280002135e-01 2.0881645209e+00
2.3550000000e+01 2.2247983795e-01 4.0806893547e-01 3.7147984895e-01 2.0885543441e+00
2.3600000000e+01 2.2236416918e-01 4.0762854910e-01 3.7011278149e-01 2.0889944215e+00
2.3650000000e+01 2.2223008033e-01 4.0720689503e-01 3.6870995934e-01 2.0894737159e+00
2.3700000000e+01 2.2207562181e-01 4.0680597132e-01 3.6728317083e-01 2.0899805138e+00
2.3750000000e+01 2.2189887729e-01 4.0642774764e-01 3.6584459418e-01 2.0905026815e+00
2.3800000000e+01 2.2169817866e-01 4.0607394989e-01 3.6440659381e-01 2.0910278686e+00
2.3850000000e+01 2.2147230223e-01 4.0574586318e-01 3.6298158065e-01 2.0915436473e+00
2.3900000000e+01 2.2122055793e-01 4.0544424138e-01 3.6158188135e-01 2.0920376430e+00
2.3950000000e+01 2.2094278261e-01 4.0516931253e-01 3.6021952965e-01 2.0924977437e+00
2.4000000000e+01 2.2063933140e-01 4.0492078612e-01 3.5890603133e-01 2.0929123357e+00
2.4050000000e+01 2.2031108889e-01 4.0469784064e-01 3.5765218211e-01 2.0932704878e+00
2.4100000000e+01 2.1995949900e-01 4.0449909236e-01 3.5646787031e-01 2.0935621501e+00
2.4150000000e+01 2.1958655029e-01 4.0432260858e-01 3.5536176120e-01 2.0937784727e+00
2.4200000000e+01 2.1919481379e-01 4.0416586847e-01 3.5434120500e-01 2.0939119007e+00
2.4250000000e+01 2.1878745010e-01 4.0402575444e-01 3.5341223149e-01 2.0939561828e+00
2.4300000000e+01 2.1836813539e-01 4.0389862478e-01 3.5257940462e-01 2.0939065204e+00
2.4350000000e+01 2.1794103626e-01 4.0378033756e-01 3.5184588513e-01 2.0937595085e+00
2.4400000000e+01 2.1751073019e-01 4.0366632905e-01 3.5121350266e-01 2.0935130669e+00
2.4450000000e+01 2.1708202523e-01 4.0355179319e-01 3.5068270177e-01 2.0931664976e+00
2.4500000000e+01 2.1665977160e-01 4.0343186969e-01 3.5025254045e-01 2.0927204898e+00
2.4550000000e+01 2.1624874170e-01 4.0330176406e-01 3.4992068841e-01 2.0921771253e+00
2.4600000000e+01 2.1585353577e-01 4.0315684223e-01 3.4968347395e-01 2.0915398344e+00
2.4650000000e+01 2.1547838673e-01 4.0299282646e-01 3.4953601906e-01 2.0908132647e+00
2.4700000000e+01 2.1512699761e-01 4.0280595891e-01 3.4947238813e-01 2.0900031348e+00
2.4750000000e+01 2.1480253140e-01 4.0259301326e-01 3.4948578334e-01 2.0891160415e+00
2.4800000000e+01 2.1450756454e-01 4.0235134252e-01 3.4956874447e-01 2.0881592618e+00
2.4850000000e+01 2.1424396989e-01 4.0207899775e-01 3.4971332622e-01 2.0871405770e+00
2.4900000000e+01 2.1401280644e-01 4.0177484020e-01 3.4991128119e-01 2.0860680908e+00
2.4950000000e+01 2.1381423204e-01 4.0143863075e-01 3.5015425501e-01 2.0849500345e+00
2.5000000000e+01 2.1364745748e-01 4.0107107811e-01 3.5043400230e-01 2.0837945514e+00
2.5050000000e+01 2.1351079400e-01 4.0067379368e-01 3.5074259826e-01 2.0826094841e+00
2.5100000000e+01 2.1340167644e-01 4.0024927053e-01 3.5107257848e-01 2.0814022343e+00
2.5150000000e+01 2.1331668016e-01 3.9980086872e-01 3.5141706290e-01 2.0801796372e+00
2.5200000000e+01 2.1325165051e-01 3.9933268779e-01 3.5176984662e-01 2.0789478692e+00
2.5250000000e+01 2.1320186155e-01 3.9884940970e-01 3.5212532410e-01 2.0777125222e+00
2.5300000000e+01 2.1316215391e-01 3.9835616214e-01 3.5247859164e-01 2.0764784991e+00
2.5350000000e+01 2.1312699328e-01 3.9785846115e-01 3.5282564133e-01 2.0752498185e+00
2.5400000000e+01 2.1309052647e-01 3.9736215589e-01 3.5316338988e-01 2.0740295831e+00
2.5450000000e+01 2.1304668015e-01 3.9687333052e-01 3.5348981004e-01 2.0728198458e+00
2.5500000000e+01 2.1298933402e-01 3.9639813148e-01 3.5380396553e-01 2.0716215725e+00
2.5550000000e+01 2.1291253819e-01 3.9594254982e-01 3.5410581901e-01 2.0704348312e+00
2.5600000000e+01 2.1281063984e-01 3.9551229407e-01 3.5439603517e-01 2.0692589871e+00
2.5650000000e+01 2.1267843575e-01 3.9511263671e-01 3.5467585642e-01 2.0680928255e+00
2.5700000000e+01 2.1251140800e-01 3.9474817707e-01 3.5494700667e-01 2.0669346461e+00
2.5750000000e+01 2.1230586480e-01 3.9442269864e-01 3.5521151224e-01 2.0657824418e+00
2.5800000000e+01 2.1205898190e-01 3.9413912547e-01 3.5547160989e-01 2.0646339897e+00
2.5850000000e+01 2.1176881685e-01 3.9389950578e-01 3.5572979999e-01 2.0634867973e+00
2.5900000000e+01 2.1143435487e-01 3.9370496386e-01 3.5598875371e-01 2.0623381948e+00
2.5950000000e+01 2.1105554749e-01 3.9355565894e-01 3.5625107175e-01 2.0611855765e+00
2.6000000000e+01 2.1063329112e-01 3.9345080440e-01 3.5651911939e-01 2.0600265655e+00
2.6050000000e+01 2.1016936463e-01 3.9338872772e-01 3.5679497601e-01 2.0588590657e+00
2.6100000000e+01 2.0966637571e-01 3.9336692215e-01 3.5708049676e-01 2.0576812001e+00
2.6150000000e+01 2.0912763500e-01 3.9338217057e-01 3.5737744045e-01 2.0564911834e+00
2.6200000000e+01 2.0855706481e-01 3.9343063512e-01 3.5768719910e-01 2.0552875933e+00
2.6250000000e+01 2.0795916275e-01 3.9350789216e-01 3.5801040854e-01 2.0540697613e+00
2.6300000000e+01 2.0733887592e-01 3.9360905673e-01 3.5834704687e-01 2.0528376755e+00
2.6350000000e+01 2.0670150808e-01 3.9372887438e-01 3.5869659737e-01 2.0515918198e+00
2.6400000000e+01 2.0605265234e-01 3.9386178772e-01 3.5905807496e-01 2.0503331483e+00
2.6450000000e+01 2.0539805566e-01 3.9400207134e-01 3.5943007307e-01 2.0490630393e+00
2.6500000000e+01 2.0474346423e-01 3.9414398617e-01 3.5981071560e-01 2.0477833452e+00
2.6550000000e+01 2.0409447522e-01 3.9428192806e-01 3.6019754809e-01 2.0464965017e+00
2.6600000000e+01 2.0345637710e-01 3.9441058792e-01 3.6058744763e-01 2.0452056203e+00
2.6650000000e+01 2.0283398279e-01 3.9452511957e-01 3.6097654881e-01 2.0439145634e+00
2.6700000000e+01 2.0223150931e-01 3.9462126146e-01 3.6136020937e-01 2.0426279813e+00
2.6750000000e+01 2.0165253125e-01 3.9469538472e-01 3.6173300395e-01 2.0413513195e+00
2.6800000000e+01 2.0109999829e-01 3.9474447726e-01 3.6208877488e-01 2.0400907707e+00
2.6850000000e+01 2.0057627720e-01 3.9476610321e-01 3.6242076266e-01 2.0388531454e+00
2.6900000000e+01 2.0008315972e-01 3.9475839659e-01 3.6272176345e-01 2.0376457159e+00
2.6950000000e+01 1.9962182686e-01 3.9472009838e-01 3.6298429262e-01 2.0364760536e+00
2.7000000000e+01 1.9919282588e-01 3.9465058118e-01 3.6320075442e-01 2.0353518600e+00
2.7050000000e+01 1.9879609550e-01 3.9454982552e-01 3.6336361914e-01 2.0342807893e+00
2.7100000000e+01 1.9843105241e-01 3.9441833477e-01 3.6346562128e-01 2.0332702502e+00
2.7150000000e+01 1.9809673716e-01 3.9425699036e-01 3.6349997326e-01 2.0323271908e+00
2.7200000000e+01 1.9779197066e-01 3.9406689601e-01 3.6346056711e-01 2.0314578960e+00
2.7250000000e+01 1.9751549255e-01 3.9384923982e-01 3.6334216721e-01 2.0306677922e+00
2.7300000000e+01 1.9726610220e-01 3.9360515318e-01 3.6314061259e-01 2.0299612431e+00
2.7350000000e+01 1.9704281130e-01 3.9333555791e-01 3.6285301641e-01 2.0293413471e+00
2.7400000000e+01 1.9684493639e-01 3.9304107311e-01 3.6247793286e-01 2.0288097669e+00
2.7450000000e+01 1.9667210778e-01 3.9272200535e-01 3.6201548974e-01 2.0283665933e+00
2.7500000000e+01 1.9652424432e-01 3.9237837330e-01 3.6146746873e-01 2.0280102607e+00
2.7550000000e+01 1.9640148823e-01 3.9200997212e-01 3.6083730896e-01 2.0277375396e+00
2.7600000000e+01 1.9630410283e-01 3.9161647542e-01 3.6013007218e-01 2.0275435674e+00
2.7650000000e+01 1.9623235027e-01 3.9119755727e-01 3.5935239660e-01 2.0274218901e+00
2.7700000000e+01 1.9618635304e-01 3.9075303097e-01 3.5851239645e-01 2.0273645596e+00
2.7750000000e+01 1.9616596383e-01 3.9028297960e-01 3.5761953132e-01 2.0273622602e+00
2.7800000000e+01 1.9617067557e-01 3.8978784687e-01 3.5668460754e-01 2.0274043041e+00
2.7850000000e+01 1.9619948516e-01 3.8926857437e-01 3.5571946914e-01 2.0274789379e+00
2.7900000000e+01 1.9625077185e-01 3.8872672462e-01 3.5473648373e-01 2.0275738537e+00
2.7950000000e+01 1.9632228406e-01 3.8816449585e-01 3.5374824080e-01 2.0276764912e+00
2.8000000000e+01 1.9641115778e-01 3.8758470506e-01 3.5276720589e-01 2.0277743822e+00
2.8050000000e+01 1.9651392186e-01 3.8699078436e-01 3.5180534189e-01 2.0278555309e+00
2.8100000000e+01 1.9662656681e-01 3.8638671352e-01 3.5087377042e-01 2.0279087539e+00
2.8150000000e+01 1.9674463709e-01 3.8577692896e-01 3.4998248627e-01 2.0279239681e+00
2.8200000000e+01 1.9686322592e-01 3.8516633001e-01 3.4914006877e-01 2.0278924827e+00
2.8250000000e+01 1.9697705151e-01 3.8456020379e-01 3.4835345614e-01 2.0278072287e+00
2.8300000000e+01 1.9708061545e-01 3.8396406750e-01 3.4762775933e-01 2.0276629492e+00
2.8350000000e+01 1.9716835702e-01 3.8338351445e-01 3.4696621138e-01 2.0274562549e+00
2.8400000000e+01 1.9723483156e-01 3.8282403567e-01 3.4637047525e-01 2.0271853203e+00
2.8450000000e+01 1.9727489705e-01 3.8229083280e-01 3.4584060016e-01 2.0268499316e+00
2.8500000000e+01 1.9728387790e-01 3.8178865329e-01 3.4537492544e-01 2.0264515869e+00
2.8550000000e+01 1.9725769713e-01 3.8132165691e-01 3.4497044890e-01 2.0259931318e+00
2.8600000000e+01 1.9719299611e-01 3.8089329442e-01 3.4462318356e-01 2.0254784050e+00
2.8650000000e+01 1.9708712937e-01 3.8050631090e-01 3.4432843296e-01 2.0249119660e+00
2.8700000000e+01 1.9693815351e-01 3.8016275508e-01 3.4408098196e-01 2.0242989050e+00
2.8750000000e+01 1.9674495311e-01 3.7986385156e-01 3.4387524415e-01 2.0236446974e+00
2.8800000000e+01 1.9650728837e-01 3.7960995098e-01 3.4370536124e-01 2.0229551043e+00
2.8850000000e+01 1.9622574615e-01 3.7940057694e-01 3.4356528474e-01 2.0222360923e+00
2.8900000000e+01 1.9590167244e-01 3.7923449144e-01 3.4344896076e-01 2.0214936482e+00
2.8950000000e+01 1.9553710436e-01 3.7910976115e-01 3.4335064652e-01 2.0207334627e+00
2.9000000000e+01 1.9513473729e-01 3.7902378853e-01 3.4326517925e-01 2.0199606599e+00
2.9050000000e+01 1.9469781294e-01 3.7897342235e-01 3.4318796137e-01 2.0191798111e+00
2.9100000000e+01 1.9422990388e-01 3.7895517194e-01 3.4311485155e-01 2.0183950421e+00
2.9150000000e+01 1.9373471213e-01 3.7896540811e-01 3.4304215690e-01 2.0176100403e+00
2.9200000000e+01 1.9321586133e-01 3.7900057091e-01 3.4296654880e-01 2.0168281372e+00
2.9250000000e+01 1.9267673699e-01 3.7905732974e-01 3.4288500734e-01 2.0160523639e+00
2.9300000000e+01 1.9212037631e-01 3.7913269427e-01 3.4279480294e-01 2.0152854683e+00
2.9350000000e+01 1.9154939412e-01 3.7922408951e-01 3.4269346454e-01 2.0145299461e+00
2.9400000000e+01 1.9096595932e-01 3.7932938039e-01 3.4257873829e-01 2.0137880819e+00
2.9450000000e+01 1.9037180218e-01 3.7944686561e-01 3.4244850272e-01 2.0130620332e+00
2.9500000000e+01 1.8976819983e-01 3.7957529324e-01 3.4230061501e-01 2.0123539843e+00
2.9550000000e+01 1.8915596071e-01 3.7971387745e-01 3.4213275875e-01 2.0116662986e+00
2.9600000000e+01 1.8853545360e-01 3.7986227059e-01 3.4194259309e-01 2.0110013699e+00
2.9650000000e+01 1.8790684690e-01 3.8002032472e-01 3.4172774418e-01 2.0103616307e+00
2.9700000000e+01 1.8727030473e-01 3.8018789576e-01 3.4148567293e-01 2.0097496850e+00
2.9750000000e+01 1.8662601266e-01 3.8036481776e-01 3.4121379083e-01 2.0091681927e+00
2.9800000000e+01 1.8597430792e-01 3.8055077242e-01 3.4090948011e-01 2.0086198492e+00
2.9850000000e+01 1.8531587779e-01 3.8074509016e-01 3.4056998241e-01 2.0081074975e+00
2.9900000000e+01 1.8465188385e-01 3.8094662474e-01 3.4019272358e-01 2.0076338029e+00
2.9950000000e+01 1.8398403503e-01 3.8115367900e-01 3.3977564965e-01 2.0072009164e+00
3.0000000000e+01 1.8331469443e-01 3.8136389653e-01 3.3931719175e-01 2.0068105083e+00
3.0050000000e+01 1.8264694008e-01 3.8157419918e-01 3.3881635822e-01 2.0064636749e+00
3.0100000000e+01 1.8198455410e-01 3.8178079613e-01 3.3827275889e-01 2.0061609129e+00
3.0150000000e+01 1.8133191630e-01 3.8197928868e-01 3.3768650891e-01 2.0059022140e+00
3.0200000000e+01 1.8069383996e-01 3.8216483314e-01 3.3705808835e-01 2.0056872039e+00
3.0250000000e+01 1.8007543080e-01 3.8233228102e-01 3.3638827359e-01 2.0055152109e+00
3.0300000000e+01 1.7948199921e-01 3.8247626611e-01 3.3567818828e-01 2.0053852134e+00
3.0350000000e+01 1.7891895575e-01 3.8259130864e-01 3.3492936857e-01 2.0052957739e+00
3.0400000000e+01 1.7839167874e-01 3.8267194760e-01 3.3414379292e-01 2.0052450084e+00
3.0450000000e+01 1.7790538330e-01 3.8271287191e-01 3.3332390446e-01 2.0052305626e+00
3.0500000000e+01 1.7746499324e-01 3.8270904918e-01 3.3247260829e-01 2.0052496134e+00
3.0550000000e+01 1.7707502799e-01 3.8265583953e-01 3.3159328041e-01 2.0052988593e+00
3.0600000000e+01 1.7673955394e-01 3.8254904545e-01 3.3068974940e-01 2.0053745369e+00
3.0650000000e+01 1.7646215628e-01 3.8238494101e-01 3.2976616316e-01 2.0054725537e+00
3.0700000000e+01 1.7624588081e-01 3.8216033143e-01 3.2882682362e-01 2.0055886524e+00
3.0750000000e+01 1.7609320067e-01 3.8187258767e-01 3.2787608857e-01 2.0057185092e+00
3.0800000000e+01 1.7600603579e-01 3.8151962840e-01 3.2691831794e-01 2.0058577873e+00
3.0850000000e+01 1.7598573996e-01 3.8109993435e-01 3.2595780740e-01 2.0060022031e+00
3.0900000000e+01 1.7603302373e-01 3.8061262692e-01 3.2499871549e-01 2.0061475998e+00
3.0950000000e+01 1.7614787839e-01 3.8005754586e-01 3.2404514615e-01 2.0062898647e+00
3.1000000000e+01 1.7632955902e-01 3.7943526812e-01 3.2310121605e-01 2.0064248623e+00
3.1050000000e+01 1.7657664167e-01 3.7874705236e-01 3.2217101453e-01 2.0065484739e+00
3.1100000000e+01 1.7688709762e-01 3.7799476633e-01 3.2125865734e-01 2.0066565444e+00
3.1150000000e+01 1.7725835020e-01 3.7718083147e-01 3.2036832284e-01 2.0067448456e+00
3.1200000000e+01 1.7768730096e-01 3.7630819813e-01 3.1950419216e-01 2.0068091360e+00
3.1250000000e+01 1.7817034018e-01 3.7538033632e-01 3.1867036356e-01 2.0068452467e+00
3.1300000000e+01 1.7870335820e-01 3.7440122558e-01 3.1787083953e-01 2.0068490946e+00
3.1350000000e+01 1.7928175722e-01 3.7337534453e-01 3.1710950306e-01 2.0068167059e+00
3.1400000000e+01 1.7990044604e-01 3.7230767731e-01 3.1639004918e-01 2.0067442856e+00
3.1450000000e+01 1.8055379828e-01 3.7120375658e-01 3.1571601764e-01 2.0066281848e+00
3.1500000000e+01 1.8123560457e-01 3.7006971282e-01 3.1509082796e-01 2.0064648661e+00
3.1550000000e+01 1.8193906931e-01 3.6891227901e-01 3.1451768773e-01 2.0062509958e+00
3.1600000000e+01 1.8265686035e-01 3.6773874232e-01 3.1399947018e-01 2.0059835670e+00
3.1650000000e+01 1.8338119670e-01 3.6655685766e-01 3.1353860666e-01 2.0056600080e+00
3.1700000000e+01 1.8410395730e-01 3.6537473987e-01 3.1313696501e-01 2.0052783052e+00
3.1750000000e+01 1.8481678046e-01 3.6420076505e-01 3.1279571096e-01 2.0048371433e+00
3.1800000000e+01 1.8551112637e-01 3.6304350853e-01 3.1251524286e-01 2.0043359726e+00
3.1850000000e+01 1.8617836921e-01 3.6191165312e-01 3.1229517527e-01 2.0037750271e+00
3.1900000000e+01 1.8681003936e-01 3.6081374679e-01 3.1213445090e-01 2.0031552142e+00
3.1950000000e+01 1.8739802643e-01 3.5975799899e-01 3.1203155969e-01 2.0024778977e+00
3.2000000000e+01 1.8793466238e-01 3.5875219657e-01 3.1198455694e-01 2.0017448800e+00
3.2050000000e+01 1.8841283955e-01 3.5780358448e-01 3.1199097958e-01 2.0009584877e+00
3.2100000000e+01 1.8882612198e-01 3.5691875283e-01 3.1204790191e-01 2.0001215164e+00
3.2150000000e+01 1.8916881736e-01 3.5610356332e-01 3.1215205173e-01 1.9992371162e+00
3.2200000000e+01 1.8943603905e-01 3.5536308518e-01 3.1229991264e-01 1.9983086900e+00
3.2250000000e+01 1.8962377375e-01 3.5470152537e-01 3.1248783642e-01 1.9973397810e+00
3.2300000000e+01 1.8972894845e-01 3.5412215950e-01 3.1271215665e-01 1.9963339603e+00
3.2350000000e+01 1.8974949191e-01 3.5362726780e-01 3.1296927906e-01 1.9952947356e+00
3.2400000000e+01 1.8968439099e-01 3.5321807622e-01 3.1325573090e-01 1.9942255020e+00
3.2450000000e+01 1.8953372894e-01 3.5289471555e-01 3.1356816633e-01 1.9931295361e+00
3.2500000000e+01 1.8929868204e-01 3.5265622194e-01 3.1390332264e-01 1.9920100399e+00
3.2550000000e+01 1.8898144214e-01 3.5250061175e-01 3.1425793784e-01 1.9908702225e+00
3.2600000000e+01 1.8858506554e-01 3.5242503034e-01 3.1462867620e-01 1.9897133753e+00
3.2650000000e+01 1.8811340747e-01 3.5242581551e-01 3.1501216867e-01 1.9885428312e+00
3.2700000000e+01 1.8757112545e-01 3.5249849210e-01 3.1540509747e-01 1.9873618802e+00
3.2750000000e+01 1.8696355741e-01 3.5263789207e-01 3.1580416504e-01 1.9861738004e+00
3.2800000000e+01 1.8629655983e-01 3.5283831485e-01 3.1620605127e-01 1.9849819008e+00
3.2850000000e+01 1.8557638588e-01 3.5309364800e-01 3.1660742948e-01 1.9837895051e+00
3.2900000000e+01 1.8480958500e-01 3.5339746683e-01 3.1700500886e-01 1.9825999096e+00
3.2950000000e+01 1.8400293925e-01 3.5374309737e-01 3.1739560451e-01 1.9814163125e+00
3.3000000000e+01 1.8316343793e-01 3.5412364120e-01 3.1777621862e-01 1.9802417330e+00
3.3050000000e+01 1.8229827154e-01 3.5453198095e-01 3.1814411403e-01 1.9790789366e+00
3.3100000000e+01 1.8141480135e-01 3.5496081031e-01 3.1849687727e-01 1.9779303715e+00
3.3150000000e+01 1.8052041335e-01 3.5540277982e-01 3.1883246017e-01 1.9767981264e+00
3.3200000000e+01 1.7962233677e-01 3.5585067849e-01 3.1914916518e-01 1.9756839438e+00
3.3250000000e+01 1.7872767388e-01 3.5629740439e-01 3.1944561917e-01 1.9745892458e+00
3.3300000000e+01 1.7784345435e-01 3.5673591052e-01 3.1972073610e-01 1.9735151704e+00
3.3350000000e+01 1.7697652151e-01 3.5715931889e-01 3.1997361576e-01 1.9724626723e+00
3.3400000000e+01 1.7613338055e-01 3.5756107297e-01 3.2020341698e-01 1.9714326493e+00
3.3450000000e+01 1.7532001116e-01 3.5793512608e-01 3.2040922100e-01 1.9704260790e+00
3.3500000000e+01 1.7454167544e-01 3.5827613513e-01 3.2058988083e-01 1.9694441698e+00
3.3550000000e+01 1.7380281817e-01 3.5857956219e-01 3.2074389652e-01 1.9684884865e+00
3.3600000000e+01 1.7310703492e-01 3.5884170850e-01 3.2086938886e-01 1.9675609771e+00
3.3650000000e+01 1.7245698831e-01 3.5905980041e-01 3.2096407654e-01 1.9666639972e+00
3.3700000000e+01 1.7185432958e-01 3.5923207030e-01 3.2102526768e-01 1.9658003190e+00
3.3750000000e+01 1.7129970578e-01 3.5935775182e-01 3.2104993001e-01 1.9649730624e+00
3.3800000000e+01 1.7079281165e-01 3.5943703054e-01 3.2103476052e-01 1.9641856257e+00
3.3850000000e+01 1.7033248076e-01 3.5947095501e-01 3.2097627515e-01 1.9634415970e+00
3.3900000000e+01 1.6991678076e-01 3.5946134359e-01 3.2087107671e-01 1.9627444860e+00
3.3950000000e+01 1.6954317103e-01 3.5941062850e-01 3.2071596138e-01 1.9620976174e+00
3.4000000000e+01 1.6920869550e-01 3.5932166429e-01 3.2050792795e-01 1.9615041208e+00
3.4050000000e+01 1.6891011068e-01 3.5919760067e-01 3.2024442063e-01 1.9609666876e+00
3.4100000000e+01 1.6864397595e-01 3.5904179284e-01 3.1992352691e-01 1.9604873713e+00
3.4150000000e+01 1.6840671999e-01 3.5885773545e-01 3.1954414147e-01 1.9600674221e+00
3.4200000000e+01 1.6819474214e-01 3.5864896147e-01 3.1910609961e-01 1.9597071512e+00
3.4250000000e+01 1.6800438556e-01 3.5841906913e-01 3.1861026081e-01 1.9594058446e+00
3.4300000000e+01 1.6783197846e-01 3.5817168075e-01 3.1805850713e-01 1.9591617625e+00
3.4350000000e+01 1.6767402407e-01 3.5791025260e-01 3.1745372304e-01 1.9589721564e+00
3.4400000000e+01 1.6752724157e-01 3.5763803346e-01 3.1679988001e-01 1.9588331827e+00
3.4450000000e+01 1.6738857599e-01 3.5735805422e-01 3.1610212964e-01 1.9587398058e+00
3.4500000000e+01 1.6725520001e-01 3.5707312542e-01 3.1536676070e-01 1.9586858389e+00
3.4550000000e+01 1.6712454066e-01 3.5678581003e-01 3.1460113275e-01 1.9586640072e+00
3.4600000000e+01 1.6699434003e-01 3.5649836199e-01 3.1381362467e-01 1.9586659972e+00
3.4650000000e+01 1.6686269049e-01 3.5621269019e-01 3.1301352298e-01 1.9586825653e+00
3.4700000000e+01 1.6672806743e-01 3.5593032474e-01 3.1221088530e-01 1.9587036727e+00
3.4750000000e+01 1.6658935685e-01 3.5565238848e-01 3.1141635993e-01 1.9587186644e+00
3.4800000000e+01 1.6644580924e-01 3.5537964209e-01 3.1064090465e-01 1.9587165484e+00
3.4850000000e+01 1.6629696483e-01 3.5511255799e-01 3.0989540077e-01 1.9586863822e+00
3.4900000000e+01 1.6614260605e-01 3.5485136726e-01 3.0919026334e-01 1.9586176628e+00
3.4950000000e+01 1.6598273056e-01 3.5459608604e-01 3.0853511253e-01 1.9585006571e+00
3.5000000000e+01 1.6581753654e-01 3.5434652969e-01 3.0793843410e-01 1.9583267437e+00
3.5050000000e+01 1.6564744979e-01 3.5410228519e-01 3.0740733376e-01 1.9580886620e+00
3.5100000000e+01 1.6547315878e-01 3.5386267541e-01 3.0694735345e-01 1.9577806990e+00
3.5150000000e+01 1.6529559404e-01 3.5362677919e-01 3.0656224676e-01 1.9573989187e+00
3.5200000000e+01 1.6511586783e-01 3.5339349104e-01 3.0625383598e-01 1.9569413093e+00
3.5250000000e+01 1.6493524048e-01 3.5316155449e-01 3.0602199772e-01 1.9564078026e+00
3.5300000000e+01 1.6475510383e-01 3.5292957818e-01 3.0586476409e-01 1.9558001776e+00
3.5350000000e+01 1.6457685011e-01 3.5269616695e-01 3.0577849354e-01 1.9551218939e+00
3.5400000000e+01 1.6440171180e-01 3.5246008203e-01 3.0575810772e-01 1.9543778587e+00
3.5450000000e+01 1.6423072842e-01 3.5222027484e-01 3.0579744177e-01 1.9535740798e+00
3.5500000000e+01 1.6406475020e-01 3.5197588367e-01 3.0588965705e-01 1.9527172553e+00
3.5550000000e+01 1.6390447695e-01 3.5172619535e-01 3.0602751533e-01 1.9518145002e+00
3.5600000000e+01 1.6375056446e-01 3.5147053900e-01 3.0620355375e-01 1.9508731725e+00
3.5650000000e+01 1.6360363080e-01 3.5120827988e-01 3.0641026355e-01 1.9499006949e+00
3.5700000000e+01 1.6346419086e-01 3.5093888499e-01 3.0664021275e-01 1.9489044322e+00
3.5750000000e+01 1.6333272724e-01 3.5066185240e-01 3.0688621191e-01 1.9478915245e+00
3.5800000000e+01 1.6320971881e-01 3.5037668271e-01 3.0714155349e-01 1.9468686477e+00
3.5850000000e+01 1.6309556312e-01 3.5008295673e-01 3.0740012744e-01 1.9458418961e+00
3.5900000000e+01 1.6299069862e-01 3.4978021332e-01 3.0765646170e-01 1.9448167406e+00
3.5950000000e+01 1.6289577476e-01 3.4946777901e-01 3.0790574243e-01 1.9437980067e+00
3.6000000000e+01 1.6281168558e-01 3.4914473377e-01 3.0814382674e-01 1.9427898599e+00
3.6050000000e+01 1.6273956467e-01 3.4880991552e-01 3.0836727302e-01 1.9417957743e+00
3.6100000000e+01 1.6268074945e-01 3.4846195523e-01 3.0857335909e-01 1.9408185120e+00
3.6150000000e+01 1.6263673041e-01 3.4809932729e-01 3.0876004433e-01 1.9398601595e+00
3.6200000000e+01 1.6260907447e-01 3.4772042584e-01 3.0892587971e-01 1.9389222163e+00
3.6250000000e+01 1.6259929589e-01 3.4732369380e-01 3.0906996575e-01 1.9380056350e+00
3.6300000000e+01 1.6260870721e-01 3.4690777232e-01 3.0919197776e-01 1.9371107952e+00
3.6350000000e+01 1.6263829875e-01 3.4647162183e-01 3.0929218341e-01 1.9362374840e+00
3.6400000000e+01 1.6268860807e-01 3.4601465368e-01 3.0937138583e-01 1.9353849517e+00
3.6450000000e+01 1.6275956722e-01 3.4553688409e-01 3.0943077840e-01 1.9345520561e+00
3.6500000000e+01 1.6285037963e-01 3.4503905903e-01 3.0947175629e-01 1.9337374497e+00
3.6550000000e+01 1.6295943426e-01 3.4452274188e-01 3.0949571642e-01 1.9329397799e+00
3.6600000000e+01 1.6308426576e-01 3.4399035550e-01 3.0950388319e-01 1.9321578633e+00
3.6650000000e+01 1.6322158935e-01 3.4344514933e-01 3.0949723215e-01 1.9313907627e+00
3.6700000000e+01 1.6336731613e-01 3.4289118614e-01 3.0947648392e-01 1.9306377935e+00
3.6750000000e+01 1.6351677334e-01 3.4233312355e-01 3.0944211647e-01 1.9298985124e+00
3.6800000000e+01 1.6366482705e-01 3.4177609255e-01 3.0939434681e-01 1.9291727362e+00
3.6850000000e+01 1.6380586639e-01 3.4122571458e-01 3.0933309666e-01 1.9284605768e+00
3.6900000000e+01 1.6393400793e-01 3.4068789794e-01 3.0925801794e-01 1.9277624164e+00
3.6950000000e+01 1.6404328524e-01 3.4016864877e-01 3.0916855245e-01 1.9270788485e+00
3.7000000000e+01 1.6412784489e-01 3.3967387497e-01 3.0906400528e-01 1.9264106047e+00
3.7050000000e+01 1.6418216307e-01 3.3920916908e-01 3.0894358833e-01 1.9257585120e+00
3.7100000000e+01 1.6420120213e-01 3.3877965064e-01 3.0880643275e-01 1.9251234798e+00
3.7150000000e+01 1.6418048399e-01 3.3838989153e-01 3.0865159143e-01 1.9245064984e+00
3.7200000000e+01 1.6411617158e-01 3.3804383301e-01 3.0847796324e-01 1.9239087145e+00
3.7250000000e+01 1.6400512796e-01 3.3774472493e-01 3.0828410449e-01 1.9233316205e+00
3.7300000000e+01 1.6384502500e-01 3.3749501517e-01 3.0806823445e-01 1.9227770500e+00
3.7350000000e+01 1.6363449218e-01 3.3729619859e-01 3.0782834600e-01 1.9222470676e+00
3.7400000000e+01 1.6337316237e-01 3.3714876888e-01 3.0756218261e-01 1.9217439927e+00
3.7450000000e+01 1.6306166573e-01 3.3705222207e-01 3.0726720566e-01 1.9212704329e+00
3.7500000000e+01 1.6270160125e-01 3.3700508259e-01 3.0694047998e-01 1.9208293989e+00
3.7550000000e+01 1.6229549609e-01 3.3700494153e-01 3.0657877113e-01 1.9204242087e+00
3.7600000000e+01 1.6184675397e-01 3.3704850604e-01 3.0617879013e-01 1.9200582428e+00
3.7650000000e+01 1.6135961022e-01 3.3713164205e-01 3.0573731398e-01 1.9197348238e+00
3.7700000000e+01 1.6083916324e-01 3.3724934082e-01 3.0525146940e-01 1.9194569325e+00
3.7750000000e+01 1.6029124556e-01 3.3739584576e-01 3.0471904029e-01 1.9192268986e+00
3.7800000000e+01 1.5972214675e-01 3.3756492811e-01 3.0413861878e-01 1.9190462482e+00
3.7850000000e+01 1.5913842153e-01 3.3775007792e-01 3.0350967091e-01 1.9189156359e+00
3.7900000000e+01 1.5854669131e-01 3.3794470205e-01 3.0283253273e-01 1.9188348465e+00
3.7950000000e+01 1.5795343396e-01 3.3814233456e-01 3.0210839676e-01 1.9188028066e+00
3.8000000000e+01 1.5736479741e-01 3.3833682363e-01 3.0133928546e-01 1.9188176086e+00
3.8050000000e+01 1.5678645913e-01 3.3852247313e-01 3.0052798600e-01 1.9188765743e+00
3.8100000000e+01 1.5622350865e-01 3.3869416144e-01 2.9967793521e-01 1.9189763681e+00
3.8150000000e+01 1.5568032519e-01 3.3884746539e-01 2.9879307263e-01 1.9191131423e+00
3.8200000000e+01 1.5516044345e-01 3.3897879642e-01 2.9787766756e-01 1.9192827094e+00
3.8250000000e+01 1.5466646015e-01 3.3908549633e-01 2.9693615750e-01 1.9194807026e+00
3.8300000000e+01 1.5420008399e-01 3.3916578951e-01 2.9597308248e-01 1.9197026415e+00
3.8350000000e+01 1.5376212871e-01 3.3921879222e-01 2.9499288270e-01 1.9199441343e+00
3.8400000000e+01 1.5335252360e-01 3.3924450419e-01 2.9399973377e-01 1.9202010430e+00
3.8450000000e+01 1.5297047073e-01 3.3924365346e-01 2.9299756042e-01 1.9204694702e+00
3.8500000000e+01 1.5261460691e-01 3.3921753607e-01 2.9199004818e-01 1.9207457484e+00
3.8550000000e+01 1.5228314022e-01 3.3916788068e-01 2.9098068835e-01 1.9210263954e+00
3.8600000000e+01 1.5197391158e-01 3.3909678810e-01 2.8997278028e-01 1.9213081121e+00
3.8650000000e+01 1.5168443575e-01 3.3900669107e-01 2.8896941861e-01 1.9215877965e+00
3.8700000000e+01 1.5141202021e-01 3.3890023610e-01 2.8797356273e-01 1.9218624742e+00
3.8750000000e+01 1.5115392450e-01 3.3878012444e-01 2.8698813270e-01 1.9221292026e+00
3.8800000000e+01 1.5090750585e-01 3.3864896635e-01 2.8601604718e-01 1.9223850333e+00
3.8850000000e+01 1.5067033321e-01 3.3850916672e-01 2.8506025959e-01 1.9226269760e+00
3.8900000000e+01 1.5044025922e-01 3.3836285250e-01 2.8412383947e-01 1.9228519165e+00
3.8950000000e+01 1.5021546264e-01 3.3821182946e-01 2.8321005654e-01 1.9230565325e+00
3.9000000000e+01 1.4999445211e-01 3.3805757763e-01 2.8232242028e-01 1.9232372535e+00
3.9050000000e+01 1.4977603739e-01 3.3790127926e-01 2.8146469326e-01 1.9233902471e+00
3.9100000000e+01 1.4955927683e-01 3.3774387070e-01 2.8064089524e-01 1.9235114135e+00
3.9150000000e+01 1.4934340407e-01 3.3758611513e-01 2.7985529033e-01 1.9235963985e+00
3.9200000000e+01 1.4912775663e-01 3.3742867365e-01 2.7911234713e-01 1.9236406325e+00
3.9250000000e+01 1.4891172498e-01 3.3727215596e-01 2.7841666553e-01 1.9236394031e+00
3.9300000000e+01 1.4869471162e-01 3.3711716130e-01 2.7777290724e-01 1.9235879246e+00
3.9350000000e+01 1.4847609863e-01 3.3696431081e-01 2.7718573951e-01 1.9234813942e+00
3.9400000000e+01 1.4825524242e-01 3.3681425287e-01 2.7665967057e-01 1.9233151565e+00
3.9450000000e+01 1.4803160935e-01 3.3666752741e-01 2.7619879841e-01 1.9230849557e+00
3.9500000000e+01 1.4780485360e-01 3.3652448761e-01 2.7580652513e-01 1.9227872224e+00
3.9550000000e+01 1.4757480888e-01 3.3638530778e-01 2.7548528118e-01 1.9224193515e+00
3.9600000000e+01 1.4734153421e-01 3.3624993707e-01 2.7523635627e-01 1.9219798743e+00
3.9650000000e+01 1.4710529867e-01 3.3611811411e-01 2.7505982000e-01 1.9214685403e+00
3.9700000000e+01 1.4686650746e-01 3.3598944060e-01 2.7495443653e-01 1.9208864057e+00
3.9750000000e+01 1.4662564294e-01 3.3586343997e-01 2.7491758177e-01 1.9202359202e+00
3.9800000000e+01 1.4638323094e-01 3.3573959093e-01 2.7494524552e-01 1.9195209276e+00
3.9850000000e+01 1.4613978571e-01 3.3561738244e-01 2.7503211133e-01 1.9187465898e+00
3.9900000000e+01 1.4589579330e-01 3.3549633042e-01 2.7517175041e-01 1.9179191955e+00
3.9950000000e+01 1.4565173433e-01 3.3537595503e-01 2.7535691179e-01 1.9170458729e+00
4.0000000000e+01 1.4540807222e-01 3.3525579243e-01 2.7557978811e-01 1.9161343253e+00
